130.0,35.0557,0.009904,5.269877,65.740542,23.924049
16353.1,4128.490578999056,612.0435350001246,1668.0080430000207,6985.139579001677,2959.325405999238,4128.490578999056,1216.4202266807943,10.442879808656627,251.24400505144158,1873.6163256807465,776.8689753302936,612.0435350001246,10.442879808656627,581.8663340585043,0.9431544636578623,5.375041162246102,13.516125771719965,1668.0080430000207,251.24400505144158,0.9431544636578623,1093.2122564333006,132.7446005209633,189.96332295797347,6985.139579001677,1873.6163256807465,5.375041162246102,132.7446005209633,3630.848849501626,1342.6591106682247,2959.325405999238,776.8689753302936,13.516125771719965,189.96332295797347,1342.6591106682247,636.4195345021575
26.0,7.407433,0.000609,0.485581,13.10036,5.006019
1099.1,301.0278860000047,68.75267600000002,91.48262000000136,425.1130080000021,212.62389700000045,301.0278860000047,97.16067445235726,1.1515436170220095,15.417228710128821,123.42839841778849,63.97007005770488,68.75267600000002,1.1515436170220095,65.54862154037379,0.05702733832499958,0.5891980840450001,1.5062854248310078,91.48262000000136,15.417228710128821,0.05702733832499958,51.899816312126134,12.519846105592789,11.688657414006107,425.1130080000021,123.42839841778849,0.5891980840450001,12.519846105592789,204.61986911430444,84.05577089564244,212.62389700000045,63.97007005770488,1.5062854248310078,11.688657414006107,84.05577089564244,51.503140450848804
31.0,1.218033,27.649604,0.123364,0.85456,1.15444
952.1,76.87791800000089,696.9950840000088,42.202146999999385,70.02756099999937,65.89733299999796,76.87791800000089,22.619878007059352,11.392655352579913,6.491357426978929,20.618804499640397,15.855241414127805,696.9950840000088,11.392655352579913,664.5847238917584,0.3865694515599963,5.766757871679972,14.964377434996203,42.202146999999385,6.491357426978929,0.3865694515599963,26.270223334332925,3.5122326844980276,5.641748544545941,70.02756099999937,20.618804499640397,5.766757871679972,3.5122326844980276,25.410773342208685,14.819019000393336,65.89733299999796,15.855241414127805,14.964377434996203,5.641748544545941,14.819019000393336,14.716960062713186
104.0,30.378891,31.463131,3.52712,25.55274,13.078119
1794.1,545.7649610000113,467.21544899999344,75.75125700000164,462.6808889999893,242.5874790000067,545.7649610000113,224.7875189780456,7.639887028691085,30.510983869252726,188.3593953664779,94.56718769888496,467.21544899999344,7.639887028691085,445.51384153423754,0.261230156881005,3.86765534686104,10.03283493392983,75.75125700000164,30.510983869252726,0.261230156881005,8.726815630731016,23.991614430164965,12.360613568846297,462.6808889999893,188.3593953664779,3.86765534686104,23.991614430164965,166.68705089337664,79.87518920129168,242.5874790000067,94.56718769888496,10.03283493392983,12.360613568846297,79.87518920129168,45.85165976108744
79.0,9.71728,45.778197,3.810418,8.444332,11.249777
1733.1,216.0456309999952,962.277768000024,131.89582200000208,195.04630299999775,227.73456400000015,216.0456309999952,60.331557036799396,15.786331145054843,25.74273710313812,53.4996489677868,60.785385823267916,962.277768000024,15.786331145054843,917.2890398124478,0.5841088763030022,7.997408935524018,20.720879237101812,131.89582200000208,25.74273710313812,0.5841088763030022,69.41904810775885,12.630376243078473,23.619517742626755,195.04630299999775,53.4996489677868,7.997408935524018,12.630376243078473,67.29442387966057,53.72450855062423,227.73456400000015,60.785385823267916,20.720879237101812,23.619517742626755,53.72450855062423,68.98430191447913
67.0,18.242012,22.883912,2.108966,13.938984,9.826137
1370.1,350.6990989999956,494.8953479999948,51.24326599999864,273.79830999999876,199.36409900000422,350.6990989999956,139.87858173421978,8.101756172104077,19.614777952989172,109.54159910043577,73.66243765526174,494.8953479999948,8.101756172104077,471.8750756701259,0.2761700506740017,4.1041389974279605,10.638207100097212,51.24326599999864,19.614777952989172,0.2761700506740017,6.03352143464417,14.660623015265669,10.758181828062124,273.79830999999876,109.54159910043577,4.1041389974279605,14.660623015265669,88.44590938293669,57.14608820099838,199.36409900000422,73.66243765526174,10.638207100097212,10.758181828062124,57.14608820099838,47.259195631722136
109.0,37.195744,15.255109,4.501689,37.223491,14.823972
1175.1,385.2071870000004,183.07442999999662,52.39185599999965,392.0152489999979,162.31134099999974,385.2071870000004,153.37059961106496,2.994124982968094,20.009216569001033,148.06603205411642,60.867229217623056,183.07442999999662,2.994124982968094,174.62950504164064,0.10225718377700303,1.5168759076700464,3.9316668861630055,52.39185599999965,20.009216569001033,0.10225718377700303,8.14186404267406,16.567855322880895,7.670659474651984,392.0152489999979,148.06603205411642,1.5168759076700464,16.567855322880895,163.64516331890695,62.319359436278816,162.31134099999974,60.867229217623056,3.9316668861630055,7.670659474651984,62.319359436278816,27.622439915532595
125.0,38.655633,0.043725,33.846609,29.353635,23.100389
1471.1,444.31097500000294,11.8722640000002,397.67686299999156,344.3605159999998,272.7793139999989,444.31097500000294,159.61211396954073,0.30065151497598985,69.86058357321822,126.56823544243485,88.06941759951566,11.8722640000002,0.30065151497598985,11.008460759104617,0.17833683980699785,0.14278837012099851,0.3420265233429908,397.67686299999156,69.86058357321822,0.17833683980699785,246.32229613741688,32.11722381228209,49.2982746268331,344.3605159999998,126.56823544243485,0.14278837012099851,32.11722381228209,117.41158976207876,68.22070864130245,272.7793139999989,88.06941759951566,0.3420265233429908,49.2982746268331,68.22070864130245,66.94890948448125
6.0,1.553058,0.00225,1.325353,1.159735,1.959603
147.1,32.97245599999995,17.199936000000033,34.85488399999994,29.58539999999999,32.38732699999996,32.97245599999995,10.352200493616003,0.2911479991169994,4.166052780977005,8.798996583698997,9.46406430553101,17.199936000000033,0.2911479991169994,16.462164323518046,0.01799140093600005,0.1486581838830001,0.3799740938999994,34.85488399999994,4.166052780977005,0.01799140093600005,24.724060451538037,2.0639276485440017,3.9828318675919925,29.58539999999999,8.798996583698997,0.1486581838830001,2.0639276485440017,10.46747076392399,8.206358102102001,32.38732699999996,9.46406430553101,0.3799740938999994,3.9828318675919925,8.206358102102001,10.454104034891
16.0,2.657277,0.003166,8.462303,2.38964,2.48761
490.1,85.80710999999887,31.51795999999988,213.73462099999915,90.41742700000081,68.52283499999969,85.80710999999887,25.547124618164307,0.5280265514309994,16.811353350234004,25.65003389371497,17.370596597875032,31.51795999999988,0.5280265514309994,30.097301075418024,0.03874575124099992,0.2666440706400001,0.6872425571029982,213.73462099999915,16.811353350234004,0.03874575124099992,172.6450898120898,7.553095597016944,16.786200697665958,90.41742700000081,25.65003389371497,0.2666440706400001,7.553095597016944,39.03140736193297,18.016283195733976,68.52283499999969,17.370596597875032,0.6872425571029982,16.786200697665958,18.016283195733976,15.76253860738093
391.0,94.958138,0.009639,4.978331,215.107151,75.946942
5392.1,1309.6405629999233,24.017136000002726,113.81933699999777,2904.3065989997776,1040.2189819999173,1309.6405629999233,331.1076845324918,0.43270367340708,21.91135038186204,704.4438535690258,251.84554771928208,24.017136000002726,0.43270367340708,22.825260028848692,0.04253741893799424,0.2664959516309893,0.5501390201750866,113.81933699999777,21.91135038186204,0.04253741893799424,46.325382840272425,30.02386624445452,15.61617666008913,2904.3065989997776,704.4438535690258,0.2664959516309893,30.02386624445452,1604.6245285715545,565.04935183268,1040.2189819999173,251.84554771928208,0.5501390201750866,15.61617666008913,565.04935183268,207.25833308640784
25.0,6.348519,0.003421,4.430147,8.320927,5.896988
821.1,201.4097439999997,32.5450760000002,158.35734199999771,246.32946499999989,182.35838000000115,201.4097439999997,63.661299435737796,0.5677913034099975,12.878195301003064,70.12784457128465,54.27464100764741,32.5450760000002,0.5677913034099975,31.006325726814325,0.03141742307600003,0.2976511952500004,0.7418903568389983,158.35734199999771,12.878195301003064,0.03141742307600003,123.23578082871668,8.80931109903391,13.502512835228098,246.32946499999989,70.12784457128465,0.2976511952500004,8.80931109903391,107.7644464276101,59.43028876538019,182.35838000000115,54.27464100764741,0.7418903568389983,13.502512835228098,59.43028876538019,54.509073865091814
115.0,39.92579,0.031159,6.876606,30.111674,38.054743
1939.1,660.2907880000135,21.495765000001455,127.6052880000044,506.45472300000114,623.1530170000215,660.2907880000135,232.03248453644215,0.5056296278689786,41.39917980306672,176.818194667193,209.63513190985367,21.495765000001455,0.5056296278689786,20.098391257045215,0.058400256188000835,0.2929513872189981,0.6403924167889963,127.6052880000044,41.39917980306672,0.058400256188000835,13.898710609779677,29.4812434650858,42.86773284976085,506.45472300000114,176.818194667193,0.2929513872189981,29.4812434650858,141.51750323955233,158.44472001159855,623.1530170000215,209.63513190985367,0.6403924167889963,42.86773284976085,158.44472001159855,211.66491956846338
66.0,13.31245,7.629496,6.701813,27.943598,10.412663
995.1,197.92039799999887,155.46369599999738,110.91232000000122,380.0302460000007,150.67353299999954,197.92039799999887,52.162837332721466,2.5514669637080396,10.511670239586012,95.67202260356332,37.122459260054924,155.46369599999738,2.5514669637080396,148.26831144279197,0.10500947534500082,1.2943685155729936,3.3445396144410413,110.91232000000122,10.511670239586012,0.10500947534500082,84.87904463322411,7.0365638108250135,8.479957587068238,380.0302460000007,95.67202260356332,1.2943685155729936,7.0365638108250135,203.75166569349338,72.37577501444939,150.67353299999954,37.122459260054924,3.3445396144410413,8.479957587068238,72.37577501444939,29.45086072890126
16.0,3.599254,0.000764,1.141499,8.102035,3.156455
1226.1,267.4998540000004,91.62454100000032,178.8308549999969,463.45027900000116,224.59463499999987,267.4998540000004,73.12036759732432,1.5213456704209958,15.920941989190887,118.4192221857984,58.618040066907156,91.62454100000032,1.5213456704209958,87.36479754619577,0.06725088559399943,0.7783380062330012,1.9928089041770065,178.8308549999969,15.920941989190887,0.06725088559399943,135.41221671071935,11.756895044364683,15.77343362832417,463.45027900000116,118.4192221857984,0.7783380062330012,11.756895044364683,238.54265609105056,94.05332033329513,224.59463499999987,58.618040066907156,1.9928089041770065,15.77343362832417,94.05332033329513,54.25709662654058
6.0,1.172242,0.001022,3.414978,0.751711,0.660044
325.1,72.7637330000002,32.479640999999965,106.61300099999981,63.99513199999989,49.14849199999985,72.7637330000002,24.55922472537913,0.5455912045109991,12.056416282286,21.01604367880298,14.68647707858698,32.479640999999965,0.5455912045109991,31.00632059249304,0.04579392471399998,0.2738827896129994,0.7080524940050017,106.61300099999981,12.056416282286,0.04579392471399998,79.8491697819351,5.083477396629994,9.678081746894037,63.99513199999989,21.01604367880298,0.2738827896129994,5.083477396629994,25.032674755008035,12.689078011108013,49.14849199999985,14.68647707858698,0.7080524940050017,9.678081746894037,12.689078011108013,11.48681893103796
1.0,0.249086,0.001009,0.514682,0.067732,0.167491
62.1,13.494061000000006,9.551905000000001,17.82381000000001,10.517694999999998,10.612540000000001,13.494061000000006,4.310536616442998,0.16024764740500003,2.890343929736002,3.238485358514999,2.994452995879002,9.551905000000001,0.16024764740500003,9.190093350307002,0.012810023799999999,0.08053846635099998,0.20821551345699982,17.82381000000001,2.890343929736002,0.012810023799999999,11.522488754975994,1.141273715375,2.356888455087999,10.517694999999998,3.238485358514999,0.08053846635099998,1.141273715375,3.820259384143001,2.337144002765999,10.612540000000001,2.994452995879002,0.20821551345699982,2.356888455087999,2.337144002765999,2.815843677414001
127.0,40.016015,1.003982,8.814037,30.56174,46.604229
1314.1,410.1353960000064,39.56356700000085,89.89488300000092,323.97377199999175,450.4324369999988,410.1353960000064,134.60956869027922,0.7822247194719827,27.290143710353348,105.02464802319281,142.5288286861686,39.56356700000085,0.7822247194719827,37.36954109739195,0.06525173222400059,0.4296948643280024,1.016854587806994,89.89488300000092,27.290143710353348,0.06525173222400059,10.916041936956889,19.562679064585836,32.16076765602225,323.97377199999175,105.02464802319281,0.4296948643280024,19.562679064585836,88.73100194639383,110.32577402076114,450.4324369999988,142.5288286861686,1.016854587806994,32.16076765602225,110.32577402076114,164.50022219919873
35.0,10.136794,0.967477,2.397345,8.86153,12.636857
618.1,167.98820499999977,43.113788000000405,53.24942399999952,153.5329349999998,200.1157309999994,167.98820499999977,50.54779457443123,0.7640511978579908,13.476022951800099,43.84125626783079,59.45910020944629,43.113788000000405,0.7640511978579908,41.00544699690114,0.042408871829000355,0.40255839833800167,0.9993225390860008,53.24942399999952,13.476022951800099,0.042408871829000355,14.280977278663853,9.34496826794295,16.205046312432124,153.5329349999998,43.84125626783079,0.40255839833800167,9.34496826794295,49.333003438165456,50.71119074700668,200.1157309999994,59.45910020944629,0.9993225390860008,16.205046312432124,50.71119074700668,72.8410921847947
114.0,21.142076,0.028719,46.541887,29.779982,16.507336
1217.1,242.15515600000404,9.78790199999982,456.43937599999873,324.2682070000015,184.34936099999794,242.15515600000404,65.85006175521362,0.21876624046499765,46.58802987304914,83.96784498702691,45.63051496947319,9.78790199999982,0.21876624046499765,9.190317289058031,0.1282863901570013,0.10189026575599923,0.24864182854100025,456.43937599999873,46.58802987304914,0.1282863901570013,353.4751963425004,17.607919687040958,38.73967454513623,324.2682070000015,83.96784498702691,0.10189026575599923,17.607919687040958,159.50599131765003,63.18470408977254,184.34936099999794,45.63051496947319,0.24864182854100025,38.73967454513623,63.18470408977254,36.64589154337443
33.0,7.94816,0.007868,6.328596,11.163054,7.552327
759.1,174.93430899999845,23.028612000000074,163.4029489999975,242.20555400000063,155.42864300000042,174.93430899999845,50.30925009422859,0.4144314173359964,18.319074149974792,63.61767431565854,42.37391527076262,23.028612000000074,0.4144314173359964,21.916283703164112,0.04994930530399987,0.2148475386459998,0.5331000428989968,163.4029489999975,18.319074149974792,0.04994930530399987,118.65238069343545,9.980337618367887,16.501108737698093,242.20555400000063,63.61767431565854,0.2148475386459998,9.980337618367887,115.07116659452183,53.421620128771096,155.42864300000042,42.37391527076262,0.5331000428989968,16.501108737698093,53.421620128771096,42.698935864104925
76.0,22.652889,1.939861,5.821574,16.989576,28.596101
921.1,268.34308099999805,42.33183100000045,75.06880399999994,203.6605859999975,331.59575099999927,268.34308099999805,82.16546580830004,0.8008203948129846,22.50221511282268,62.102442989118195,100.87215241831029,42.33183100000045,0.8008203948129846,40.096519364872876,0.057873605467000905,0.43227125298300284,1.0443463878239954,75.06880399999994,22.50221511282268,0.057873605467000905,9.31013955810801,15.855548241204886,27.44303409184819,203.6605859999975,62.102442989118195,0.43227125298300284,15.855548241204886,49.28812135890076,76.08221710357444,331.59575099999927,100.87215241831029,1.0443463878239954,27.44303409184819,76.08221710357444,126.25401671393456
75.0,23.528905,0.031555,5.44787,17.678655,28.313015
1041.1,321.73356100000177,12.819120000000694,79.46478800000018,244.77390199999562,382.2086609999992,321.73356100000177,101.81419825190048,0.3317362127629994,24.058007269896578,77.00376164452892,118.62586680219181,12.819120000000694,0.3317362127629994,11.917296648422688,0.04401561704700077,0.19866911461400363,0.4274024101629943,79.46478800000018,24.058007269896578,0.04401561704700077,8.757725943506092,17.351343922844862,29.35369840140221,244.77390199999562,77.00376164452892,0.19866911461400363,17.351343922844862,60.520621241947055,89.7995169168203,382.2086609999992,118.62586680219181,0.4274024101629943,29.35369840140221,89.7995169168203,144.10218528971168
7.0,1.518355,1.910317,1.691225,0.801935,1.078168
197.1,42.38160300000004,46.77824399999994,45.31262599999982,29.77611799999994,32.75142499999998,42.38160300000004,13.792841617593043,0.7787876993209986,8.460304204212017,9.903988982905988,9.54569009483,46.77824399999994,0.7787876993209986,44.641433104273915,0.04946860420200007,0.39274280062700007,1.0158117938840001,45.31262599999982,8.460304204212017,0.04946860420200007,26.98606312014599,3.3919424446300033,6.524836126740006,29.77611799999994,9.903988982905988,0.39274280062700007,3.3919424446300033,9.318985819932006,6.868468205878005,32.75142499999998,9.54569009483,1.0158117938840001,6.524836126740006,6.868468205878005,8.89662642364299
89.0,16.398785,47.67166,1.074118,14.38169,9.473747
1125.1,206.74716599999417,594.9579820000024,19.125201999999632,181.74955999999995,122.42010099999867,206.74716599999417,79.30060378864283,9.721553715858944,7.017970015316988,67.90004954300247,42.9069923981806,594.9579820000024,9.721553715858944,567.3208737174346,0.32441730444099914,4.920929220227985,12.770208042261075,19.125201999999632,7.017970015316988,0.32441730444099914,2.5701955085799684,5.558608491107846,3.7540108507621444,181.74955999999995,67.90004954300247,4.920929220227985,5.558608491107846,66.94265061718548,36.52732747026426,122.42010099999867,42.9069923981806,12.770208042261075,3.7540108507621444,36.52732747026426,26.561564265317152
6.0,1.137416,2.860299,0.065815,1.363663,0.57281
377.1,79.77702800000024,115.40002799999968,39.51405199999986,92.11850700000029,50.19043599999956,79.77702800000024,27.50045664115994,1.8933650222149974,5.688434330515,29.490911270577936,15.303883344692942,115.40002799999968,1.8933650222149974,110.0899708746782,0.07486094644099989,0.9585054127510025,2.4833257454900015,39.51405199999986,5.688434330515,0.07486094644099989,26.845252504337996,3.0171414008380064,3.9883423225240198,92.11850700000029,29.490911270577936,0.9585054127510025,3.0171414008380064,41.10416469841294,17.647820097628017,50.19043599999956,15.303883344692942,2.4833257454900015,3.9883423225240198,17.647820097628017,10.867077494162004
34.0,2.060855,28.603053,0.125894,1.407084,1.803114
1033.1,104.37399900000125,715.1189100000097,39.34802199999902,86.77622099999952,87.38288999999747,104.37399900000125,33.66547791262809,11.691103135125902,7.151128317338849,27.702248970926394,24.26405733666882,715.1189100000097,11.691103135125902,681.8558763064761,0.39800907786599543,5.918019655466975,15.355901829305235,39.34802199999902,7.151128317338849,0.39800907786599543,21.73800057647196,3.9359688788150304,6.224903831067896,86.77622099999952,27.702248970926394,5.918019655466975,3.9359688788150304,29.046740003068688,20.273265706459295,87.38288999999747,24.26405733666882,15.355901829305235,6.224903831067896,20.273265706459295,21.364775723336162
5.0,0.661,2.861157,0.15571,0.485667,0.836466
69.1,11.022273000000004,29.568796000000017,6.881426999999993,9.590838999999994,11.936668999999998,11.022273000000004,3.3139461209390007,0.4863151848179998,1.2058011183269994,2.748529757698999,3.3676827370840017,29.568796000000017,0.4863151848179998,28.27924870307601,0.01828867417400001,0.24665090120400002,0.638292537495,6.881426999999993,1.2058011183269994,0.01828867417400001,3.8255363156569966,0.6758604959870004,1.2559383957519992,9.590838999999994,2.748529757698999,0.24665090120400002,0.6758604959870004,3.2614803466989963,2.758319604068998,11.936668999999998,3.3676827370840017,0.638292537495,1.2559383957519992,2.758319604068998,4.016437700421
25.0,4.907866,0.004314,6.940069,9.313251,3.834502
678.1,139.5159579999981,23.93663000000011,178.91131199999788,228.84488100000138,106.79127500000072,139.5159579999981,37.03531220398011,0.4146708717590027,18.405643601149848,57.47554772494155,26.284820932467913,23.93663000000011,0.4146708717590027,22.82528505084421,0.05822014833999971,0.2078970055939998,0.5305569311369973,178.91131199999788,18.405643601149848,0.05822014833999971,136.59744199670442,8.45636967646194,15.493531572168065,228.84488100000138,57.47554772494155,0.2078970055939998,8.45636967646194,119.89307789112802,42.9120746572101,106.79127500000072,26.284820932467913,0.5305569311369973,15.493531572168065,42.9120746572101,21.67032861519098
90.0,6.194569,54.353815,20.49919,3.372773,5.579639
1527.1,125.08563699999974,838.1713060000163,369.19548700000337,79.70218000000114,114.84520999999921,125.08563699999974,34.280567213286524,13.714329787333874,26.797165026246685,23.69245133953918,26.701150869625266,838.1713060000163,13.714329787333874,799.1179421504528,0.49680959882199177,6.937853579256957,18.004370891668103,369.19548700000337,26.797165026246685,0.49680959882199177,304.75750305797794,10.517080753900567,26.72667194702838,79.70218000000114,23.69245133953918,6.937853579256957,10.517080753900567,20.57065991601964,18.084158588811285,114.84520999999921,26.701150869625266,18.004370891668103,26.72667194702838,18.084158588811285,25.428882898221698
69.0,15.657924,2.862504,1.030004,35.545557,13.904042
1276.1,283.84948700000086,105.91891299999732,69.87902300000216,569.1715080000017,247.18149299999973,283.84948700000086,72.03358393109906,1.7520801542150435,10.857779384884962,137.78150281060007,61.524638762613066,105.91891299999732,1.7520801542150435,100.99991260629598,0.07546248108300185,0.8963262622410232,2.2951315130460705,69.87902300000216,10.857779384884962,0.07546248108300185,39.15928529942086,9.929376347447887,9.957093774368204,569.1715080000017,137.78150281060007,0.8963262622410232,9.929376347447887,304.49432635649003,116.17022952947676,247.18149299999973,61.524638762613066,2.2951315130460705,9.957093774368204,116.17022952947676,57.3344977672314
27.0,4.941684,4.767203,2.226764,11.45862,3.60573
1003.1,176.76962999999822,224.11881699999861,165.31478499999744,298.05651200000307,138.7403010000005,176.76962999999822,48.05726230793134,3.6757955964420272,14.2903481068009,75.89848704740895,34.947773543952785,224.11881699999861,3.6757955964420272,213.7168763803271,0.14126339810400004,1.8620112621109972,4.8228703712639955,165.31478499999744,14.2903481068009,0.14126339810400004,128.4720769356736,9.166110848495864,13.344877583534165,298.05651200000307,75.89848704740895,1.8620112621109972,9.166110848495864,155.1415636154859,56.0884185539476,138.7403010000005,34.947773543952785,4.8228703712639955,13.344877583534165,56.0884185539476,29.636398136767053
19.0,3.988614,1.907139,0.192759,9.649004,3.262492
801.1,164.26484299999822,115.42106899999989,73.99478800000165,315.78899300000177,131.5304719999998,164.26484299999822,43.01350355604443,1.8989155590499966,8.62966923098102,77.95378547038445,32.869015135355966,115.42106899999989,1.8989155590499966,110.08998042085135,0.07844882626399949,0.9643884895750015,2.489335712524014,73.99478800000165,8.62966923098102,0.07844882626399949,51.466062519560296,6.553434454399061,7.367131827534142,315.78899300000177,77.95378547038445,0.9643884895750015,6.553434454399061,169.7413565295971,60.676142907893514,131.5304719999998,32.869015135355966,2.489335712524014,7.367131827534142,60.676142907893514,28.228891746290167
42.0,10.2787,0.001562,0.502477,22.553008,8.664273
824.1,203.11132799999788,20.069993000000036,38.21581499999987,395.6586799999995,166.9444689999995,203.11132799999788,54.08884807625751,0.3397952108910051,6.732178597510082,99.23973798684254,42.810832637147115,20.069993000000036,0.3397952108910051,19.189184474717038,0.01892305670599949,0.17909169411999867,0.44299857520300195,38.21581499999987,6.732178597510082,0.01892305670599949,18.94850292765314,6.482565856025076,6.133636833822131,395.6586799999995,99.23973798684254,0.17909169411999867,6.482565856025076,210.24285053130944,79.61459638883507,166.9444689999995,42.810832637147115,0.44299857520300195,6.133636833822131,79.61459638883507,38.04247031617521
99.0,26.341459,0.023522,42.282234,17.450953,12.901821
1281.1,332.90928399999507,16.43932599999953,523.3417120000007,232.04366900000304,176.2659459999992,332.90928399999507,123.33609579463437,0.32255483334099616,61.78425182476358,91.03540546946199,56.53106027492743,16.43932599999953,0.32255483334099616,15.553356588066272,0.12479272766800018,0.1509219886320014,0.3876998700409843,523.3417120000007,61.78425182476358,0.12479272766800018,386.24808639282816,27.625510793296122,47.65880180258052,232.04366900000304,91.03540546946199,0.1509219886320014,27.625510793296122,74.23664419345683,39.095253948486,176.2659459999992,56.53106027492743,0.3876998700409843,47.65880180258052,39.095253948486,32.69318396524931
40.0,9.675897,0.00217,3.592537,18.917307,7.812095
1315.1,311.8427490000059,45.889508000000646,179.38010499999663,522.2825550000034,255.60517899999982,311.8427490000059,88.84529966855074,0.7834775737519883,15.567101430777857,136.23837796417516,70.50854178362312,45.889508000000646,0.7834775737519883,43.73243962930236,0.04477237229199974,0.4059971809030002,1.0228212534270078,179.38010499999663,15.567101430777857,0.04477237229199974,136.02170434676142,12.754238593327589,15.092155860444219,522.2825550000034,136.23837796417516,0.4059971809030002,12.754238593327589,267.5159161476755,105.46815544631808,255.60517899999982,70.50854178362312,1.0228212534270078,15.092155860444219,105.46815544631808,63.61355329001689
4.0,0.28046,3.6e-05,2.823112,0.592506,0.303884
107.1,22.040212000000018,13.364359,21.84968799999999,31.299577999999972,18.446184,22.040212000000018,6.473117224277997,0.2223115227269999,2.4189813669470017,8.123466580870998,4.902343830165999,13.364359,0.2223115227269999,12.826121444841002,0.012894778260000005,0.11272010833299988,0.290311147688,21.84968799999999,2.4189813669470017,0.012894778260000005,16.290962173416,1.1516748739169989,2.075161883461998,31.299577999999972,8.123466580870998,0.11272010833299988,1.1516748739169989,15.380884065589994,6.630849938102006,18.446184,4.902343830165999,0.290311147688,2.075161883461998,6.630849938102006,4.6475250309800025
2.0,0.860182,1.4e-05,0.041616,0.694079,0.40411
164.1,46.696625000000026,20.995562000000042,21.301979999999997,45.05684199999996,29.949016999999987,46.696625000000026,17.321202431243005,0.3481883745090002,3.378552295998005,15.670422723490981,10.078272443088004,20.995562000000042,0.3481883745090002,20.098185096150033,0.016835205892000014,0.1766737969510001,0.4556795275049994,21.301979999999997,3.378552295998005,0.016835205892000014,13.503217184923987,2.015152961043002,2.488212835967998,45.05684199999996,15.670422723490981,0.1766737969510001,2.015152961043002,17.915651663904008,9.378956173042015,29.949016999999987,10.078272443088004,0.4556795275049994,2.488212835967998,9.378956173042015,7.64790294885501
70.0,19.006508,5.725822,2.546102,30.876508,11.845092
3807.1,977.0080729999813,414.2118660000096,300.65773600000597,1478.9686130000505,636.1549969999651,977.0080729999813,307.9084854990326,6.869410580154848,56.7901364037427,426.3129718443806,179.22745441738286,414.2118660000096,6.869410580154848,394.6097005830363,0.36537811359398886,3.4887760223369315,8.978600738002141,300.65773600000597,56.7901364037427,0.36537811359398886,170.51896772697123,33.05524227709327,40.02792090885862,1478.9686130000505,426.3129718443806,3.4887760223369315,33.05524227709327,743.5617018705352,272.65064035653313,636.1549969999651,179.22745441738286,8.978600738002141,40.02792090885862,272.65064035653313,135.3706509977555
121.0,8.504549,75.342362,26.909367,3.534766,6.708941
1803.1,180.2951839999908,918.4897600000207,464.7858520000028,103.49074400000077,135.93829500000112,180.2951839999908,47.77041990516777,15.07816515462685,56.97015664736087,30.115491236446108,30.460975368337436,918.4897600000207,15.07816515462685,875.474845074699,0.669905762751002,7.611420929199956,19.755423083417003,464.7858520000028,56.97015664736087,0.669905762751002,344.12500033394343,18.277749388721457,44.84280632572766,103.49074400000077,30.115491236446108,7.611420929199956,18.277749388721457,29.208263859423642,18.3778430025784,135.93829500000112,30.460975368337436,19.755423083417003,44.84280632572766,18.3778430025784,22.60126702881477
82.0,19.072019,7.647998,6.358624,28.731401,20.189988
1691.1,387.7437700000091,181.55101399999936,187.2688969999956,535.4383769999898,398.99834200000646,387.7437700000091,103.8540933233656,3.067870179662073,38.95264278934105,135.0491938477312,106.9200655209001,181.55101399999936,3.067870179662073,172.81174539899618,0.2064117623740057,1.567954247903968,3.9970324287821364,187.2688969999956,38.95264278934105,0.2064117623740057,93.53733337896442,19.938043406867234,34.73443360783595,535.4383769999898,135.0491938477312,1.567954247903968,19.938043406867234,244.15903442998163,134.82439008264816,398.99834200000646,106.9200655209001,3.9970324287821364,34.73443360783595,134.82439008264816,118.6225177210913
108.0,32.734825,1.001292,8.36362,24.5858,41.314464
1010.1,302.27090800000036,20.457611000000682,82.27137500000036,228.98991499999642,376.010231999999,302.27090800000036,92.57393473795128,0.45957748463398795,24.79759655890551,69.88962823057346,114.65018315827069,20.457611000000682,0.45957748463398795,19.189364031865725,0.049233129362000874,0.26401209406300336,0.5954242645759937,82.27137500000036,24.79759655890551,0.049233129362000874,9.235228022309034,17.792994532543844,30.49632773140422,228.98991499999642,69.88962823057346,0.26401209406300336,17.792994532543844,54.6954533395639,86.44783863225332,376.010231999999,114.65018315827069,0.5954242645759937,30.49632773140422,86.44783863225332,143.92047023517668
20.0,5.546674,0.960727,1.241625,5.404945,6.846032
536.1,136.01701800000058,55.4572410000002,51.10527399999977,137.5581440000005,155.8624079999997,136.01701800000058,40.462564925738,0.9505110471599937,10.98558744922907,38.18110721183608,45.53726971121467,55.4572410000002,0.9505110471599937,52.822528127450276,0.04714366506000031,0.49271794393200113,1.244340219786998,51.10527399999977,10.98558744922907,0.04714366506000031,20.356413581538156,7.320828674342986,12.495291690722091,137.5581440000005,38.18110721183608,0.49271794393200113,7.320828674342986,49.59952579187835,42.06401449141477,155.8624079999997,45.53726971121467,1.244340219786998,12.495291690722091,42.06401449141477,54.62151336411206
9.0,1.783194,0.000216,0.996225,4.567158,1.653212
239.1,48.37141299999983,15.277083999999983,40.120250999999946,94.3438159999998,40.887508000000125,48.37141299999983,12.52383872009906,0.2549186153229994,3.3207992902980057,22.552005119532,9.819874554757,15.277083999999983,0.2549186153229994,14.644140011655997,0.015000670807000006,0.13038687724199965,0.3326378284209994,40.120250999999946,3.3207992902980057,0.015000670807000006,32.03564857598303,1.9458027712009982,2.9029709633959953,94.3438159999998,22.552005119532,0.13038687724199965,1.9458027712009982,50.893035055566024,18.92264259043094,40.887508000000125,9.819874554757,0.3326378284209994,2.9029709633959953,18.92264259043094,9.009403074015976
13.0,3.125262,1.907337,0.299013,5.469267,2.199122
941.1,207.19909499999906,191.73680399999947,118.10276700000203,265.7755500000021,158.18584300000092,207.19909499999906,66.14552966342686,3.15735980909102,15.893079467290951,76.2373381511908,45.86581611964577,191.73680399999947,3.15735980909102,182.8106260191526,0.12499333901299947,1.602282050313003,4.141542788099995,118.10276700000203,15.893079467290951,0.12499333901299947,78.06495753589734,10.505740637873789,13.613937217806228,265.7755500000021,76.2373381511908,1.602282050313003,10.505740637873789,123.00849659942914,54.52175380085342,158.18584300000092,45.86581611964577,4.141542788099995,13.613937217806228,54.52175380085342,40.14282141994692
33.0,8.918934,8.586128,1.73298,6.454175,7.307787
695.1,182.96734100000037,178.41160799999855,44.97618199999949,137.6375859999997,151.0074019999997,182.96734100000037,66.07202904760162,2.9471523880400046,13.953029848200975,50.02260620484513,50.0725669908798,178.41160799999855,2.9471523880400046,170.08452239865406,0.1166514918829985,1.4971314701339895,3.866150258786032,44.97618199999949,13.953029848200975,0.1166514918829985,9.748364658975948,8.715656411843986,12.542492595492117,137.6375859999997,50.02260620484513,1.4971314701339895,8.715656411843986,40.149305133756066,37.352920467948955,151.0074019999997,50.0725669908798,3.866150258786032,12.542492595492117,37.352920467948955,47.27330050502409
55.0,1.3349,30.509858,20.77675,0.660735,1.717735
1123.1,57.55291200000059,556.8326200000012,400.97528899999946,47.2799909999992,60.358823999999395,57.55291200000059,12.603644887856124,9.101610414941948,13.266880635788263,11.70559992521389,10.97517877998606,556.8326200000012,9.101610414941948,530.9605705601707,0.30743328016099947,4.607349729957987,11.955656017495112,400.97528899999946,13.266880635788263,0.30743328016099947,366.5948745389008,5.355095996069949,15.55062558515006,47.2799909999992,11.70559992521389,4.607349729957987,5.355095996069949,15.718779552916965,9.993178907429213,60.358823999999395,10.97517877998606,11.955656017495112,15.55062558515006,9.993178907429213,11.984183916220063
94.0,30.649016,0.03526,6.2238,23.07742,34.014506
2027.1,648.2410460000222,32.19397300000133,142.06915500000238,498.2393479999848,706.2565460000266,648.2410460000222,214.89541081607612,0.7365113246709729,43.32938914440731,164.31785102465656,225.06190602636025,32.19397300000133,0.7365113246709729,30.097595819055783,0.08395357586999751,0.4249461402870032,0.9509661419109925,142.06915500000238,43.32938914440731,0.08395357586999751,16.616612095730446,31.031944131891688,51.10726029581625,498.2393479999848,164.31785102465656,0.4249461402870032,31.031944131891688,131.36733148108902,171.1973034517847,706.2565460000266,225.06190602636025,0.9509661419109925,51.10726029581625,171.1973034517847,258.03912327282023
1.0,0.306008,0.00045,0.077048,0.230439,0.386055
198.1,41.41385300000001,35.315227999999976,42.61746599999991,42.17370999999993,36.479763999999975,41.41385300000001,12.966505895527032,0.5866891414689991,5.304774333173005,12.255437875767967,10.400458303369003,35.315227999999976,0.5866891414689991,33.73331480216196,0.030103493285000036,0.29759949539699987,0.7675210705990001,42.61746599999991,5.304774333173005,0.030103493285000036,29.970641157904012,2.5647754890360037,4.847149986568005,42.17370999999993,12.255437875767967,0.29759949539699987,2.5647754890360037,17.139168332592014,10.016747971836027,36.479763999999975,10.400458303369003,0.7675210705990001,4.847149986568005,10.016747971836027,10.54789749089001
1.0,0.016328,0.953419,0.000538,0.008263,0.021452
171.1,33.55184800000003,36.258683999999974,38.07098999999996,35.42272499999996,27.695768000000015,33.55184800000003,10.554540989350018,0.5993408146179994,4.486967067073999,10.25948621002098,7.751522878955009,36.258683999999974,0.5993408146179994,34.642317194466,0.028902033232000017,0.3035338843749999,0.784590075483,38.07098999999996,4.486967067073999,0.028902033232000017,27.59507913733,2.102022970949003,3.9579986194800036,35.42272499999996,10.25948621002098,0.3035338843749999,2.102022970949003,14.970835444242997,7.88686292462902,27.695768000000015,7.751522878955009,0.784590075483,3.9579986194800036,7.88686292462902,7.41480227704401
0.0,0.0,0.0,0.0,0.0,0.0
97.1,19.78649300000001,19.08733100000001,20.82510199999999,20.95143099999998,16.34965,19.78649300000001,6.2588370563829985,0.31646491485199996,2.6076044157120015,6.062936764010001,4.640654673177997,19.08733100000001,0.31646491485199996,18.280170136275014,0.016611367655000008,0.16024334936799997,0.41384123288299984,20.82510199999999,2.6076044157120015,0.016611367655000008,14.915238271287997,1.176435506754,2.2092013437879987,20.95143099999998,6.062936764010001,0.16024334936799997,1.176435506754,8.926224024629004,4.725600369932001,16.34965,4.640654673177997,0.41384123288299984,2.2092013437879987,4.725600369932001,4.460356635194
33.0,2.464069,24.789081,2.371658,1.745317,1.629876
797.1,69.4264800000007,533.9393439999991,84.48222100000106,61.72131499999964,47.43062899999966,69.4264800000007,22.31840505847002,8.724455302201974,6.860224443660042,20.035768686244722,11.587645878284963,533.9393439999991,8.724455302201974,509.1443803451597,0.2954660191839997,4.415248020504976,11.459794315277094,84.48222100000106,6.860224443660042,0.2954660191839997,68.2985435759256,3.769815692454016,5.358107695398019,61.72131499999964,20.035768686244722,4.415248020504976,3.769815692454016,22.76532808461699,10.835176855578167,47.43062899999966,11.587645878284963,11.459794315277094,5.358107695398019,10.835176855578167,8.289915118379085
16.0,4.423118,0.00513,0.861393,5.384259,5.326105
608.1,150.23907099999965,43.06019700000038,83.12827400000114,173.02843299999796,158.54412999999946,150.23907099999965,44.38140150845712,0.7463528538719962,12.577827870348113,47.01470213567051,45.61881931756566,43.06019700000038,0.7463528538719962,41.005433349162566,0.04690420496000007,0.3877071976660003,0.9737994007790033,83.12827400000114,12.577827870348113,0.04690420496000007,49.906125047212356,7.460183331535974,13.237195602044098,173.02843299999796,47.01470213567051,0.3877071976660003,7.460183331535974,71.26781357087833,46.998104664638824,158.54412999999946,45.61881931756566,0.9737994007790033,13.237195602044098,46.998104664638824,51.81624336632207
176.0,64.152217,0.047156,37.831646,45.109336,28.859688
2004.1,692.1228609999956,17.618758999999088,463.94628499998186,498.0244459999911,332.2880989999909,692.1228609999956,265.6151579303055,0.3945867164629891,112.85478653914684,199.4905855733559,113.86791179698824,17.618758999999088,0.3945867164629891,16.46258713761927,0.23995367589999173,0.17515937144999727,0.44647210929897546,463.94628499998186,112.85478653914684,0.23995367589999173,220.16605801502794,53.809749926600865,76.97577650553474,498.0244459999911,199.4905855733559,0.17515937144999727,53.809749926600865,163.98833324442725,80.66074861124213,332.2880989999909,113.86791179698824,0.44647210929897546,76.97577650553474,80.66074861124213,60.43730202127461
19.0,4.674805,0.000268,0.259098,10.587388,3.478449
869.1,206.65176599999822,58.23079400000059,87.66607200000128,362.2233590000014,154.22815999999978,206.65176599999822,59.00244279085958,0.9689946797959897,10.30503187335797,94.84896931457465,41.62637405103999,58.23079400000059,0.9689946797959897,55.54952465189846,0.05253014221399962,0.49402599121599994,1.2657185418390065,87.66607200000128,10.30503187335797,0.05253014221399962,61.759880587036086,7.520489827822007,8.128086097570211,362.2233590000014,94.84896931457465,0.49402599121599994,7.520489827822007,189.52311695709884,69.9368724264802,154.22815999999978,41.62637405103999,1.2657185418390065,8.128086097570211,69.9368724264802,33.37115112155619
7.0,0.403976,5.720964,0.080276,0.280017,0.514767
550.1,76.0893800000004,266.05597699999925,62.61336299999953,74.65174499999966,70.58957499999902,76.0893800000004,23.01032697069579,4.358359502266012,8.112420288304982,21.588053817457773,19.120238818807916,266.05597699999925,4.358359502266012,253.7132019621895,0.1528530126450001,2.2081433094189946,5.723419217681963,62.61336299999953,8.112420288304982,0.1528530126450001,41.55983199948359,4.580812542877016,8.307421495475989,74.65174499999966,21.588053817457773,2.2081433094189946,4.580812542877016,28.603072144368905,17.771689038368102,70.58957499999902,19.120238818807916,5.723419217681963,8.307421495475989,17.771689038368102,19.76682483677108
327.0,24.752163,263.145817,3.25075,22.44571,13.405575
