257.0,68.179688,1.009446,25.666818,122.563281,39.580838
33865.1,8404.622345995736,1055.8529590001456,4736.4841800001095,14477.407930003894,5190.639283998494,8404.622345995736,2537.099336739346,10.464773644503204,329.524249732724,4084.0598655794647,1443.5759541234356,1055.8529590001456,10.464773644503204,1025.4455225182467,0.9542846741988744,5.3846182530728735,13.7033163853837,4736.4841800001095,329.524249732724,0.9542846741988744,3904.258343970621,256.4012896613995,245.4453085740454,14477.407930003894,4084.0598655794647,5.3846182530728735,256.4012896613995,7647.094200314018,2484.572304873479,5190.639283998494,1443.5759541234356,13.7033163853837,245.4453085740454,2484.572304873479,1003.4440634625935
54.0,14.403223,0.000609,0.974607,28.898743,9.72282
2038.1,535.5550090000164,68.75267600000002,113.74705600000463,948.537849000001,371.40749699999606,535.5550090000164,156.25144067000915,1.1515436170220095,19.254127858776677,254.99385794979432,104.00406815941301,68.75267600000002,1.1515436170220095,65.54862154037379,0.05702733832499958,0.5891980840450001,1.5062854248310078,113.74705600000463,19.254127858776677,0.05702733832499958,59.02770949110646,21.21565116834058,14.292496023630475,948.537849000001,254.99385794979432,0.5891980840450001,21.21565116834058,498.773729284578,173.06548713062105,371.40749699999606,104.00406815941301,1.5062854248310078,14.292496023630475,173.06548713062105,78.6391875045431
65.0,11.971817,27.774351,2.155356,8.823795,14.274682
1689.1,304.6733449999993,702.9315429999933,83.50114099999647,253.06533399999958,344.82870499999984,304.6733449999993,95.42202784800939,13.118748519313113,16.580825298699025,76.94392465793322,102.70784148284186,702.9315429999933,13.118748519313113,664.6798438199315,0.5280397731509887,7.373479284500888,17.331431607981127,83.50114099999647,16.580825298699025,0.5280397731509887,36.47047823406537,11.067057928963095,18.954736596748223,253.06533399999958,76.94392465793322,7.373479284500888,11.067057928963095,74.03214777864468,83.74875291067936,344.82870499999984,102.70784148284186,17.331431607981127,18.954736596748223,83.74875291067936,122.18596219781452
180.0,49.626744,42.457987,4.580619,60.194988,23.139652
2866.1,802.653191000002,642.1332539999846,90.89807300000463,947.3711169999783,382.9442250000117,802.653191000002,300.28243754602835,7.645561741246121,34.710525708123654,325.77246787747583,134.34221006304136,642.1332539999846,7.645561741246121,620.3479808563153,0.26543898523100207,3.869944575815985,10.104152924944678,90.89807300000463,34.710525708123654,0.26543898523100207,8.992338791233042,32.268368659062276,14.761401508028325,947.3711169999783,325.77246787747583,3.869944575815985,32.268368659062276,429.7041693435184,155.85618278037973,382.9442250000117,134.34221006304136,10.104152924944678,14.761401508028325,155.85618278037973,67.98028381642155
141.0,27.041515,54.951972,6.779925,20.647437,31.579146
3182.1,619.4771389999981,1163.3538590000128,196.297532000003,494.53025799999347,708.3411179999953,619.4771389999981,193.83517990737585,18.168988124712435,43.77229104116284,148.9267535287059,214.87395612056702,1163.3538590000128,18.168988124712435,1110.2356480087842,0.787367653639034,10.206755930857081,24.05490638013038,196.297532000003,43.77229104116284,0.787367653639034,79.57430678848264,25.942878646430096,46.32066233604274,494.53025799999347,148.9267535287059,10.206755930857081,25.942878646430096,140.36561245375825,169.18832133184944,708.3411179999953,214.87395612056702,24.05490638013038,46.32066233604274,169.18832133184944,254.00330265372162
99.0,24.454549,25.884026,15.186192,17.24598,16.22926
2498.1,584.8983970000121,645.8628159999895,440.7011109999967,422.8881930000057,403.64939499999974,584.8983970000121,227.11398897381255,8.119811230418192,39.678001582827015,163.93614445678392,146.15050493155556,645.8628159999895,8.119811230418192,622.7319705984196,0.28295596539199835,4.114170753169913,10.713756522384305,440.7011109999967,39.678001582827015,0.28295596539199835,339.0655585625386,26.558149974898775,35.21639843230724,422.8881930000057,163.93614445678392,4.114170753169913,26.558149974898775,127.94880275265656,100.43097250155549,403.64939499999974,146.15050493155556,10.713756522384305,35.21639843230724,100.43097250155549,111.23777041056225
170.0,57.942255,16.254871,5.310415,65.369968,25.122495
1850.1,601.0984230000029,218.06053799999475,66.42690300000004,688.3833679999833,276.03079700000075,601.0984230000029,228.94358911890438,2.9962511434201176,22.998132053326845,245.59497376710493,100.66549263257589,218.06053799999475,2.9962511434201176,209.59633295808533,0.10316103108900274,1.518211268544051,3.946546617844029,66.42690300000004,22.998132053326845,0.10316103108900274,13.201619153421099,20.895101043646008,9.328886506655936,688.3833679999833,245.59497376710493,1.518211268544051,20.895101043646008,307.71012060707784,112.76499850409638,276.03079700000075,100.66549263257589,3.946546617844029,9.328886506655936,112.76499850409638,49.42488702601421
181.0,55.946955,0.046446,48.645855,37.679116,38.681627
2362.1,711.9079190000101,12.915571000000078,636.2698079999773,496.3223620000134,504.58442799999034,711.9079190000101,262.4295162385867,0.31530038560800044,89.72776085700679,184.38490965884532,175.15050317849887,12.915571000000078,0.31530038560800044,12.007518331699675,0.1841214102899932,0.1502653155389926,0.35836459184998704,636.2698079999773,89.72776085700679,0.1841214102899932,434.81902617843645,42.280531438709886,69.35825087613851,496.3223620000134,184.38490965884532,0.1502653155389926,42.280531438709886,155.30292911503417,114.30378020754011,504.58442799999034,175.15050317849887,0.35836459184998704,69.35825087613851,114.30378020754011,145.51361029661027
11.0,2.472167,0.002781,3.553633,1.645954,3.325469
283.1,60.09796700000003,17.602980999999986,86.68669099999981,46.72175900000009,71.89071499999982,60.09796700000003,17.6933006328871,0.40803080230100025,9.271284227058999,13.522183577919966,19.30319365403494,17.602980999999986,0.40803080230100025,16.4685576765751,0.029320158717000163,0.25666853976499976,0.5404038353440019,86.68669099999981,9.271284227058999,0.029320158717000163,59.11535782787291,4.738561619412001,13.632197586995972,46.72175900000009,13.522183577919966,0.25666853976499976,4.738561619412001,13.74522396935903,14.559143003717999,71.89071499999982,19.30319365403494,0.5404038353440019,13.632197586995972,14.559143003717999,23.95581188293099
34.0,6.292661,0.021701,15.442989,4.501217,7.741444
872.1,170.12601099999878,32.37223999999986,342.9691520000037,140.6686990000013,185.86416800000075,170.12601099999878,49.29673318374546,0.7757107365849865,32.20964779433486,39.87539697891659,48.068610920931185,32.37223999999986,0.7757107365849865,30.11062313823023,0.06510670376500027,0.49391921111999676,1.0268802534390067,342.9691520000037,32.20964779433486,0.06510670376500027,251.4571764010819,15.652068742277924,43.68514423316181,140.6686990000013,39.87539697891659,0.49391921111999676,15.652068742277924,48.149641022243294,36.59774392064326,185.86416800000075,48.068610920931185,1.0268802534390067,43.68514423316181,36.59774392064326,56.58590726496779
524.0,128.282856,0.009639,7.247136,290.008502,98.452068
9098.1,2248.0622339999486,26.18513600000265,180.15921799998304,4940.593401999111,1703.002625999987,2248.0622339999486,569.6154665105165,0.7719290421380814,37.35017221606291,1219.196199855888,421.22904325129815,26.18513600000265,0.7719290421380814,23.843221533630597,0.06935809258299394,0.5843542385139906,1.0162721866080906,180.15921799998304,37.35017221606291,0.06935809258299394,52.39235117580685,63.63551820316952,26.811794857964394,4940.593401999111,1219.196199855888,0.5843542385139906,63.63551820316952,2735.431210794976,921.8476160766794,1703.002625999987,421.22904325129815,1.0162721866080906,26.811794857964394,921.8476160766794,332.1984659457487
47.0,13.976924,0.003575,5.70991,16.646841,10.662752
1470.1,399.67701500000027,40.96076400000048,226.63734699999264,485.84616900001106,316.8787100000027,399.67701500000027,135.11453070232054,0.6903883277429974,16.502631712622748,145.82807531642243,101.6414182496206,40.96076400000048,0.6903883277429974,39.00540472375782,0.0417065981739991,0.4113227066969978,0.9119336538470023,226.63734699999264,16.502631712622748,0.0417065981739991,180.43044068970192,13.146093384964775,16.616351277364288,485.84616900001106,145.82807531642243,0.4113227066969978,13.146093384964775,216.62658977091297,109.93416578549173,316.8787100000027,101.6414182496206,0.9119336538470023,16.616351277364288,109.93416578549173,87.87487008769958
177.0,59.537149,0.088614,15.876015,45.394711,56.103483
3603.1,1190.0757910000366,25.830703000001456,342.1658670000032,929.4001969999936,1115.5270229999883,1190.0757910000366,426.58445539125546,1.7695080750609768,57.96329940401788,319.36557699828546,384.4927836757814,25.830703000001456,1.7695080750609768,20.16662812405397,0.16458261546999992,1.4628574198790134,2.3671267106449765,342.1658670000032,57.96329940401788,0.16458261546999992,181.50624387188608,41.80279774568,60.8289223468246,929.4001969999936,319.36557699828546,1.4628574198790134,41.80279774568,281.27066669003545,285.59818791675997,1115.5270229999883,384.4927836757814,2.3671267106449765,60.8289223468246,285.59818791675997,382.3398821064524
102.0,18.051113,7.629496,23.889408,38.787806,13.642197
1675.1,290.16218499999144,160.7229539999976,426.2821730000024,580.2024850000089,217.63039099999813,290.16218499999144,75.0399939359768,2.6275917032420373,13.432359153265613,145.56576378647264,53.59653482051887,160.7229539999976,2.6275917032420373,153.26783359099204,0.11110362625300074,1.3654834587549953,3.45093663498704,426.2821730000024,13.432359153265613,0.11110362625300074,390.1729156749995,10.970601554920936,11.6951187364855,580.2024850000089,145.56576378647264,1.3654834587549953,10.970601554920936,315.4609617086129,106.93982412908788,217.63039099999813,53.59653482051887,3.45093663498704,11.6951187364855,106.93982412908788,42.04803588179937
33.0,6.549849,4.998394,1.378463,14.943902,5.129394
2353.1,467.77280900000756,325.89039700000046,298.03878699999154,878.2576990000016,383.04023900000266,467.77280900000756,123.86893840096458,1.928169124861022,20.48665741879406,222.14765008254687,99.44145747526214,325.89039700000046,1.928169124861022,320.16633663639146,0.10430978477599755,1.154888512029025,2.636460065006952,298.03878699999154,20.48665741879406,0.10430978477599755,237.48796092420062,20.193611719261266,19.866130405566814,878.2576990000016,222.14765008254687,1.154888512029025,20.193611719261266,464.4850400670703,170.37666127728593,383.04023900000266,99.44145747526214,2.636460065006952,19.866130405566814,170.37666127728593,90.81959424128911
10.0,1.639112,0.001022,6.016679,1.343166,1.000017
631.1,119.25569900000124,42.481128999999875,262.3429580000008,121.69313500000068,85.22705699999891,119.25569900000124,38.11270981320941,0.5476551675429971,18.26207181360418,38.77222194287109,23.661064898995175,42.481128999999875,0.5476551675429971,40.99684391669709,0.047254461586,0.2749331841569991,0.7144322863210029,262.3429580000008,18.26207181360418,0.047254461586,216.18458059538833,9.117426339961023,18.831541244296098,121.69313500000068,38.77222194287109,0.2749331841569991,9.117426339961023,51.514796461566725,22.1137834999579,85.22705699999891,23.661064898995175,0.7144322863210029,18.831541244296098,22.1137834999579,20.006255534802786
3.0,0.934162,0.001009,0.539492,1.093138,0.432199
122.1,28.752559000000016,12.552351000000005,30.208394000000034,29.662851999999955,20.823862000000005,28.752559000000016,9.393588444680994,0.16088425632599998,3.6549529321039977,9.376459148870998,6.266682582392991,12.552351000000005,0.16088425632599998,12.187250326253,0.013223213011000013,0.08087407668200003,0.2101161321999999,30.208394000000034,3.6549529321039977,0.013223213011000013,21.695610234798004,1.7030307714099981,3.2415736875200034,29.662851999999955,9.376459148870998,0.08087407668200003,1.7030307714099981,12.823198171462002,5.7792972687219955,20.823862000000005,6.266682582392991,0.2101161321999999,3.2415736875200034,5.7792972687219955,5.426200684367992
197.0,61.251194,1.237732,14.995491,46.350173,73.165417
2368.1,726.4780390000104,44.97897500000223,186.38204600000233,563.3520060000017,846.8090710000181,726.4780390000104,233.8452576302523,2.359062524763998,47.54109894749723,178.6721846034465,264.16046954253653,44.97897500000223,2.359062524763998,37.4538069803474,0.20385391357200183,1.8882875651320137,3.173964027275012,186.38204600000233,47.54109894749723,0.20385391357200183,45.042210212835464,33.906296622035036,59.788620538958725,563.3520060000017,178.6721846034465,1.8882875651320137,33.906296622035036,146.0261253837249,202.95914638956685,846.8090710000181,264.16046954253653,3.173964027275012,59.788620538958725,202.95914638956685,316.82690444339187
54.0,15.144165,0.974695,6.09056,12.598369,19.192217
1126.1,301.29999299999577,46.25952000000108,143.89819699999825,260.43572899999924,374.1067220000019,301.29999299999577,91.211714951712,1.6790189101740027,22.22239531658583,76.2609951157697,110.02589179944314,46.25952000000108,1.6790189101740027,41.055288673407304,0.11954591087200041,1.2525751053740097,2.253091404652989,143.89819699999825,22.22239531658583,0.11954591087200041,73.94918475373682,15.358386160950904,32.34874851214451,260.43572899999924,76.2609951157697,1.2525751053740097,15.358386160950904,75.9274848360603,91.73633119631866,374.1067220000019,110.02589179944314,2.253091404652989,32.34874851214451,91.73633119631866,137.8426899206865
171.0,25.700946,0.028749,86.976807,35.572601,22.72088
1918.1,303.3234930000032,10.019162999999889,931.7818219999963,411.83940500001535,261.0360499999994,303.3234930000032,77.60987660085868,0.2857664416919988,64.19227256017598,103.64210831017701,57.69351780504811,10.019162999999889,0.2857664416919988,9.194046018065006,0.13438492068100197,0.16426243058099912,0.34070320575299895,931.7818219999963,64.19227256017598,0.13438492068100197,766.4708911227528,29.016432726620437,72.06754292662126,411.83940500001535,103.64210831017701,0.16426243058099912,29.016432726620437,199.92976841026316,79.18696655038376,261.0360499999994,57.69351780504811,0.34070320575299895,72.06754292662126,79.18696655038376,51.847368093497046
48.0,10.431741,7.021791,6.586679,14.22511,9.734677
1343.1,304.85748699999505,129.4195510000004,232.6727879999953,393.71505200000144,282.335067000001,304.85748699999505,91.21452526302488,0.8370398341729968,24.212688470248303,107.55097847504501,81.14228938805073,129.4195510000004,0.8370398341729968,126.83942717071936,0.08817539270099885,0.6049532982129963,1.1498503614860016,232.6727879999953,24.212688470248303,0.08817539270099885,169.25339453022366,15.268928228201833,23.94949207268624,393.71505200000144,107.55097847504501,0.6049532982129963,15.268928228201833,178.2390490638946,92.15123388693394,282.335067000001,81.14228938805073,1.1498503614860016,23.94949207268624,92.15123388693394,84.04223515707156
115.0,34.556212,2.14619,8.42839,26.154375,43.714837
1571.1,462.7294109999958,47.7871700000016,122.34355899999828,359.35752799999705,578.7824479999985,462.7294109999958,142.4835659820114,2.3863593281839783,32.98842856097628,109.20684325272498,175.76424433569053,47.7871700000016,2.3863593281839783,40.184169400702324,0.1878239976910021,1.9092675189640258,3.219549769504966,122.34355899999828,32.98842856097628,0.1878239976910021,24.08145772190312,23.28924282857088,41.896632548856545,359.35752799999705,109.20684325272498,1.9092675189640258,23.28924282857088,88.58577129713098,136.466425839951,578.7824479999985,175.76424433569053,3.219549769504966,41.896632548856545,136.466425839951,221.5356316361315
115.0,31.670063,0.103817,20.612495,23.762023,38.851614
1977.1,530.5393479999962,18.217674000000642,375.4888040000023,407.90409300000437,644.8503750000024,530.5393479999962,168.03908181201066,1.3206441982140094,41.16817611792213,126.82933177152853,193.28213316980978,18.217674000000642,1.3206441982140094,13.969237356048913,0.12795723538100168,1.1173175156530066,1.7825157007939911,375.4888040000023,41.16817611792213,0.12795723538100168,238.26388638539166,27.774589710955578,68.25441402231004,407.90409300000437,126.82933177152853,1.1173175156530066,27.774589710955578,104.92661277550938,147.35625636749268,644.8503750000024,193.28213316980978,1.7825157007939911,68.25441402231004,147.35625636749268,234.27509805122367
17.0,4.491398,1.944207,3.133856,2.59411,4.836436
366.1,91.94658000000022,50.42595299999998,73.1800839999994,60.38051000000004,90.06696099999998,91.94658000000022,30.454526681821967,0.9675204213309956,13.046552744955077,19.834380619854887,27.743627075097002,50.42595299999998,0.9675204213309956,47.64897779237302,0.06626744649399999,0.567538953579,1.2756454007569917,73.1800839999994,13.046552744955077,0.06626744649399999,41.09618474023977,5.892911325072041,13.178179056662028,60.38051000000004,19.834380619854887,0.567538953579,5.892911325072041,16.160645811324045,18.025053122161022,90.06696099999998,27.743627075097002,1.2756454007569917,13.178179056662028,18.025053122161022,29.94448864244092
124.0,29.245037,50.670687,1.521981,25.179993,17.382299
1802.1,422.89456399999415,721.9053469999878,32.8202610000008,367.4747400000032,256.9049729999996,422.89456399999415,166.2368656844556,9.728645081433907,10.108849222006905,139.34322262879562,97.57698512202087,721.9053469999878,9.728645081433907,694.2005064802424,0.3276342665389959,4.924187052016886,12.82424718034915,32.8202610000008,10.108849222006905,0.3276342665389959,8.598247927350975,8.026669657597935,5.858860289659176,367.4747400000032,139.34322262879562,4.924187052016886,8.026669657597935,137.1840893266427,78.09657682634256,256.9049729999996,97.57698512202087,12.82424718034915,5.858860289659176,78.09657682634256,62.64830592790413
15.0,3.855872,2.860299,0.194066,6.174613,1.915153
723.1,168.13503800000086,152.3957859999998,66.1297669999996,234.74155699999923,101.59786600000032,168.13503800000086,55.141855765253915,1.8986083751370042,7.545972695753006,72.69976496282473,30.9488588090462,152.3957859999998,1.8986083751370042,147.05490907027658,0.07676016791899946,0.9619667294910001,2.5035046762900017,66.1297669999996,7.545972695753006,0.07676016791899946,47.61264453020508,5.4376456073950425,5.5567235024960135,234.74155699999923,72.69976496282473,0.9619667294910001,5.4376456073950425,114.81786380756377,40.92435177252798,101.59786600000032,30.9488588090462,2.5035046762900017,5.5567235024960135,40.92435177252798,21.764440229077938
64.0,9.975776,33.625036,2.600102,6.724678,11.074405
1791.1,295.0928289999965,846.3197409999951,110.47411999999655,223.0687339999986,316.04456699999884,295.0928289999965,96.7073644081523,12.644360669227968,18.242635445125693,71.03417519445017,96.5643206331757,846.3197409999951,12.644360669227968,809.786005386747,0.4821088454699856,6.799558240598943,16.707579928666398,110.47411999999655,18.242635445125693,0.4821088454699856,57.68341351926626,11.32978322183701,22.83621082530239,223.0687339999986,71.03417519445017,6.799558240598943,11.32978322183701,61.68527225647581,72.31997287928785,316.04456699999884,96.5643206331757,16.707579928666398,22.83621082530239,72.31997287928785,107.71651466333411
6.0,0.967008,2.861607,0.232758,0.716106,1.222521
146.1,29.22336799999998,40.81793900000004,17.871979999999997,24.950064999999988,33.136647000000046,29.22336799999998,9.050109835582004,0.5606859805900001,2.613733591996998,7.3193781304159975,9.779463752423021,40.81793900000004,0.5606859805900001,39.272821662454994,0.024992116976000053,0.31532808279399943,0.744100164228001,17.871979999999997,2.613733591996998,0.024992116976000053,10.321137896509986,1.6330465496279984,3.3790698557059993,24.950064999999988,7.3193781304159975,0.31532808279399943,1.6330465496279984,8.06741077615101,7.714904229313994,33.136647000000046,9.779463752423021,0.744100164228001,3.3790698557059993,7.714904229313994,11.619112921192988
48.0,8.398773,8.016841,8.208622,16.997447,6.378311
1213.1,225.31399899999857,132.68597400000036,276.40711499999577,403.5413950000031,175.0514590000003,225.31399899999857,58.820669525340925,0.6505072051620028,20.91344797187754,101.26414214204019,43.765268787924754,132.68597400000036,0.6505072051620028,130.73597489916656,0.07911511990599884,0.42637648035499665,0.8938923542770026,276.40711499999577,20.91344797187754,0.07911511990599884,225.05620571827717,12.281829213470813,18.176408300636197,403.5413950000031,101.26414214204019,0.42637648035499665,12.281829213470813,214.91473522821227,74.75439742556169,175.0514590000003,43.765268787924754,0.8938923542770026,18.176408300636197,74.75439742556169,37.56152862700109
139.0,15.097783,66.350874,34.669433,7.743013,15.138884
2518.1,321.6488079999936,1034.125298000013,668.6950250000018,177.11996499999847,316.4107440000013,321.6488079999936,107.105943108784,13.735361488361065,45.223753402096804,59.09797269904982,96.5858569524078,1034.125298000013,13.735361488361065,994.9321846440599,0.5086158238789847,6.947620984653997,18.101319192839522,668.6950250000018,45.223753402096804,0.5086158238789847,549.2102079077765,20.01949112177477,53.832764117666116,177.11996499999847,59.09797269904982,6.947620984653997,20.01949112177477,38.978271156302036,52.176660706711544,316.4107440000013,96.5858569524078,18.101319192839522,53.832764117666116,52.176660706711544,95.81424020507446
100.0,23.578493,2.895273,1.564625,52.123224,19.838416
2224.1,519.0158330000078,125.79414699999666,105.4340840000036,1033.2563560000012,440.5000089999981,519.0158330000078,132.84420931668325,2.299556382004033,15.873401131012551,256.1837568065651,111.91500825946204,125.79414699999666,2.299556382004033,119.01347918334028,0.11906827789600145,1.408336852714036,3.0536883295970667,105.4340840000036,15.873401131012551,0.11906827789600145,54.98697192382007,18.45502251210728,16.099613305363345,1033.2563560000012,256.1837568065651,1.408336852714036,18.45502251210728,551.8121599882603,205.49733352834494,440.5000089999981,111.91500825946204,3.0536883295970667,16.099613305363345,205.49733352834494,104.034466818329
54.0,10.596818,8.765307,2.680811,24.572137,7.384924
1780.1,352.4093609999968,275.09481599999873,203.91709499999254,690.784936000002,257.79378700000154,352.4093609999968,92.19980538663741,3.677424572325032,17.353832745968713,174.41018320053317,64.86815197713696,275.09481599999873,3.677424572325032,264.6685398687324,0.1425207248899997,1.8625981197160015,4.843681746932008,203.91709499999254,17.353832745968713,0.1425207248899997,155.1349059567277,15.847918999260536,15.53780864053144,690.784936000002,174.41018320053317,1.8625981197160015,15.847918999260536,376.07898057501626,122.6853345833624,257.79378700000154,64.86815197713696,4.843681746932008,15.53780864053144,122.6853345833624,49.95884759192494
39.0,8.727033,2.906665,0.52962,20.382377,6.454312
1552.1,325.41271299999585,198.63031599999994,116.2373610000033,663.5552039999998,248.16448800000057,325.41271299999585,83.81436621725528,1.9736273568820049,11.668788618313663,165.45418972860188,62.60178702818759,198.63031599999994,1.9736273568820049,193.01531021306891,0.08616697409299884,1.03303305436301,2.6220954492000006,116.2373610000033,11.668788618313663,0.08616697409299884,82.02531294716114,12.78627819826089,9.770773118917372,663.5552039999998,165.45418972860188,1.03303305436301,12.78627819826089,362.2773966696678,122.1044212000415,248.16448800000057,62.60178702818759,2.6220954492000006,9.770773118917372,122.1044212000415,51.16545649946809
60.0,14.592237,1.001088,0.761698,32.046572,11.598424
1471.1,352.10999499999656,69.68766200000009,64.58666199999993,703.447025999997,281.168890999997,352.10999499999656,92.32823173095214,0.527370254219004,9.489602075601965,177.37047797994828,72.49437746640746,69.68766200000009,0.527370254219004,68.153130147994,0.03478183330799945,0.353905977521997,0.718424821820005,64.58666199999993,9.489602075601965,0.03478183330799945,34.820572556492436,11.904955743657968,8.436742061480338,703.447025999997,177.37047797994828,0.353905977521997,11.904955743657968,377.50401833414224,136.41383042132333,281.168890999997,72.49437746640746,0.718424821820005,8.436742061480338,136.41383042132333,63.205581960207084
153.0,41.595145,0.025009,60.318537,26.056226,25.005072
2064.1,544.6151280000075,16.459533999999504,807.0748440000028,354.96900200001517,340.8814289999966,544.6151280000075,205.97645804350182,0.3306744107560041,78.56643568072198,138.56743567546744,121.27420838668235,16.459533999999504,0.3306744107560041,15.553357600094422,0.125637228482995,0.15574985176799575,0.39411491664697923,807.0748440000028,78.56643568072198,0.125637228482995,631.3346900713664,36.93665392433861,60.21115863621632,354.96900200001517,138.56743567546744,0.15574985176799575,36.93665392433861,105.07572311512367,74.3335068266347,340.8814289999966,121.27420838668235,0.39411491664697923,60.21115863621632,74.3335068266347,84.76849409510484
69.0,16.412928,0.00218,6.972759,33.338011,12.274128
2524.1,578.8311590000162,69.08714100000098,362.00182799999874,1067.7041430000106,446.3758030000018,578.8311590000162,159.10087480985723,1.1350000715889856,20.73255898628374,277.35583786692234,120.60693668555591,69.08714100000098,1.1350000715889856,65.73129549676327,0.07284488939399963,0.7342975799680006,1.5136809823899997,362.00182799999874,20.73255898628374,0.07284488939399963,299.68589251938454,22.159681359929202,19.450717848078863,1067.7041430000106,277.35583786692234,0.7342975799680006,22.159681359929202,565.2507646359803,202.30369188937675,446.3758030000018,120.60693668555591,1.5136809823899997,19.450717848078863,202.30369188937675,102.60082421947757
5.0,0.284409,3.6e-05,3.812088,0.593173,0.310292
218.1,35.79923499999993,13.367750000000004,85.44978699999986,49.93121900000012,33.45202700000008,35.79923499999993,9.698490317227062,0.223277556036,5.113389740555019,12.60197394415597,8.262114426368015,13.367750000000004,0.223277556036,12.826122156133998,0.013505868214000016,0.11326790570599986,0.2915765187000004,85.44978699999986,5.113389740555019,0.013505868214000016,71.38202841192496,2.9321267403140046,6.108714420012024,49.93121900000012,12.60197394415597,0.11326790570599986,2.9321267403140046,24.068314959641004,10.315554035686997,33.45202700000008,8.262114426368015,0.2915765187000004,6.108714420012024,10.315554035686997,8.574077843665002
11.0,3.65302,1.4e-05,0.175257,5.48075,1.69096
328.1,93.06073200000013,21.99655700000007,31.90947300000002,125.06190399999991,55.971367000000036,93.06073200000013,31.381263549224055,0.3486375648660005,4.463628372758003,39.296613677416005,17.670604357225983,21.99655700000007,0.3486375648660005,21.097237560683052,0.017131668262000004,0.1769348885239999,0.4566143205299998,31.90947300000002,4.463628372758003,0.017131668262000004,20.690171241995014,3.395124002612009,3.443409766126,125.06190399999991,39.296613677416005,0.1769348885239999,3.395124002612009,60.18065052656608,22.112597431326005,55.971367000000036,17.670604357225983,0.4566143205299998,3.443409766126,22.112597431326005,12.388151022298947
129.0,35.591295,11.727596,3.991588,54.576374,23.113173
7789.1,2059.8587420000545,899.3638629999795,442.43807800001724,2992.6845689999836,1394.6555479999708,2059.8587420000545,662.0400865882494,7.001326230916923,85.29159738340934,881.4836000600993,424.14251746698017,899.3638629999795,7.001326230916923,879.1517495251699,0.40035533328096934,3.586163969539039,9.323783208112467,442.43807800001724,85.29159738340934,0.40035533328096934,223.79934786986513,66.06089622849404,66.98579060355684,2992.6845689999836,881.4836000600993,3.586163969539039,66.06089622849404,1481.7153624292164,559.9392656781727,1394.6555479999708,424.14251746698017,9.323783208112467,66.98579060355684,559.9392656781727,334.3644612643739
183.0,13.937479,88.337805,58.574145,6.736642,15.413896
2894.1,276.9290549999813,1111.4350790000212,1058.6037849999902,158.604227999998,288.42763000001247,276.9290549999813,68.10766931494629,15.094241579328736,93.36569587362845,41.539101269376964,58.92240618254153,1111.4350790000212,15.094241579328736,1068.2919306109561,0.6824416361979927,7.618950878740067,19.84732142771473,1058.6037849999902,93.36569587362845,0.6824416361979927,813.8770471913314,39.309707005613234,111.4686957629894,158.604227999998,41.539101269376964,7.618950878740067,39.309707005613234,35.86547357390692,34.37103392451888,288.42763000001247,58.92240618254153,19.84732142771473,111.4686957629894,34.37103392451888,63.91824222879672
138.0,32.074412,10.646597,8.755111,57.57726,28.946647
3196.1,730.942697000001,294.30048600000026,287.23766299999045,1218.2375280000022,665.2819459999926,730.942697000001,193.3267683129216,3.5944961271400615,49.3348956023632,309.9654091245408,174.82122218018048,294.30048600000026,3.5944961271400615,283.73583722399917,0.25055578652100563,2.058769334399984,4.760716598645162,287.23766299999045,49.3348956023632,0.25055578652100563,153.19369485307826,34.737608989655364,49.82090760867796,1218.2375280000022,309.9654091245408,2.058769334399984,34.737608989655364,612.2496731760659,259.3263050188213,665.2819459999926,174.82122218018048,4.760716598645162,49.82090760867796,259.3263050188213,176.65289369280114
164.0,49.008355,1.102238,15.303594,36.75148,61.834339
1785.1,524.9516230000046,24.12253000000069,177.87783499999802,400.88801599999556,657.1601330000085,524.9516230000046,162.03682175387266,1.5265243065410157,39.636664660314146,122.41116882409061,199.44046734189735,24.12253000000069,1.5265243065410157,19.24642754477668,0.1428265353350025,1.2516924662980038,2.0550591578160198,177.87783499999802,39.636664660314146,0.1428265353350025,56.64118346294508,28.159464298759747,53.39775894781355,400.88801599999556,122.41116882409061,1.2516924662980038,28.159464298759747,96.88729935877876,152.278408923056,657.1601330000085,199.44046734189735,2.0550591578160198,53.39775894781355,152.278408923056,250.08847095591193
31.0,7.359824,4.992956,2.376775,6.991702,9.278743
986.1,241.86079900000078,105.95375500000085,115.03038799999834,229.0711699999995,294.0839560000003,241.86079900000078,72.10799990304722,1.6842973904790057,17.950595705879948,65.06502353210523,85.15290461268836,105.95375500000085,1.6842973904790057,100.81726970077678,0.10862169376899984,1.17553927835501,2.2679789630499734,115.03038799999834,17.950595705879948,0.10862169376899984,59.78682971912413,12.383563465420952,24.90079744985039,229.0711699999995,65.06502353210523,1.17553927835501,12.383563465420952,74.2058448749412,76.34124844298935,294.0839560000003,85.15290461268836,2.2679789630499734,24.90079744985039,76.34124844298935,105.52105073316677
18.0,3.996024,0.000216,1.173858,9.698517,3.13139
469.1,97.03234099999969,26.46787099999997,69.55086499999975,199.60114200000024,76.34784300000037,97.03234099999969,24.771860513961155,0.3121766301659992,4.359183903412036,48.86508078351631,18.824062750262037,26.46787099999997,0.3121766301659992,25.636910230152992,0.019764114345000017,0.18369693719099958,0.4153120969809997,69.55086499999975,4.359183903412036,0.019764114345000017,57.57216495808701,3.912723943915032,3.7869995476559897,199.60114200000024,48.86508078351631,0.18369693719099958,3.912723943915032,109.43190162056094,37.307795279671836,76.34784300000037,18.824062750262037,0.4153120969809997,3.7869995476559897,37.307795279671836,16.11369470315484
37.0,9.070714,1.907337,0.747257,19.086553,6.18814
1746.1,407.9717740000027,191.73697699999946,139.21143500000355,712.7070880000008,294.37278599999723,407.9717740000027,116.78485714370503,3.15740853436802,19.20934726437885,188.6775167666069,80.24267278323605,191.73697699999946,3.15740853436802,182.8106260490816,0.12502724597499948,1.602308173832003,4.141607002585995,139.21143500000355,19.20934726437885,0.12502724597499948,86.16554835599366,17.903509292602195,15.907944234925543,712.7070880000008,188.6775167666069,1.602308173832003,17.903509292602195,373.9668523305436,130.65696282707322,294.37278599999723,80.24267278323605,4.141607002585995,15.907944234925543,130.65696282707322,63.523627869711774
60.0,18.420915,11.587368,2.670984,11.53089,15.789845
1236.1,361.922344000001,254.58767700000143,70.93285099999846,237.5429619999964,311.01423799999884,361.922344000001,137.284562941092,3.0131099105539745,20.533559765380808,89.03449303417239,112.15666999383228,254.58767700000143,3.0131099105539745,246.0151702817067,0.1259284889299972,1.5527805963939665,3.980611770953091,70.93285099999846,20.533559765380808,0.1259284889299972,18.31550942918482,12.482217264155853,19.57565474074602,237.5429619999964,89.03449303417239,1.5527805963939665,12.482217264155853,63.16693703822807,71.40657213382899,311.01423799999884,112.15666999383228,3.980611770953091,19.57565474074602,71.40657213382899,103.99476891211808
88.0,4.5906,35.507488,35.868091,8.082758,3.951036
1973.1,140.73035300000282,697.7717719999941,792.9288250000044,217.34407899999763,124.22448799999674,140.73035300000282,33.01489982196855,9.10767625555186,18.640158815620367,53.74266820674144,26.32496038796334,697.7717719999941,9.10767625555186,671.8269353997147,0.3119353705289987,4.609839644941982,12.015244404359041,792.9288250000044,18.640158815620367,0.3119353705289987,741.3905039167599,10.263861866053997,22.421986222094016,217.34407899999763,53.74266820674144,4.609839644941982,10.263861866053997,109.93359803058945,38.894128419628615,124.22448799999674,26.32496038796334,12.015244404359041,22.421986222094016,38.894128419628615,24.668177644643965
144.0,45.640394,0.089433,12.206672,38.739175,47.324322
3677.1,1133.5996920000337,37.78026300000318,356.84952400000407,981.2878889999743,1167.4826519999758,1133.5996920000337,379.2395117068193,2.361823581169973,64.60575549971915,314.47576957087,373.01684531349633,37.78026300000318,2.361823581169973,30.18685842616278,0.21745734408999695,1.9364927768960187,3.177630874263983,356.84952400000407,64.60575549971915,0.21745734408999695,162.96673393831628,47.61566651776452,81.543893749487,981.2878889999743,314.47576957087,1.9364927768960187,47.61566651776452,315.13121961920524,302.2287625130758,1167.4826519999758,373.01684531349633,3.177630874263983,81.543893749487,302.2287625130758,407.6155208280308
6.0,1.445304,0.017288,1.67681,0.955593,1.905008
406.1,86.18484200000032,42.6242019999998,113.80332699999953,70.41068200000026,92.97708799999987,86.18484200000032,26.661060566162003,0.6775685964749931,11.933591258692019,20.66495351925691,26.347706595205942,42.6242019999998,0.6775685964749931,40.73147760932399,0.040315495659999964,0.38041403243499866,0.8944192876270034,113.80332699999953,11.933591258692019,0.040315495659999964,79.83742387973074,6.092433573653028,15.999591109500022,70.41068200000026,20.66495351925691,0.38041403243499866,6.092433573653028,23.685328956790006,19.68758488387795,92.97708799999987,26.347706595205942,0.8944192876270034,15.999591109500022,19.68758488387795,30.147834283435937
4.0,0.512017,0.953419,1.028988,1.149232,0.356344
326.1,59.822666999999676,57.250986000000026,75.60284699999977,87.65159700000024,45.671902000000195,59.822666999999676,17.58975683483502,0.6006654919289988,5.409842806920029,23.841790270730026,12.480622963198037,57.250986000000026,0.6006654919289988,55.622414671487974,0.029680371611000025,0.30421436524399936,0.7939901127210006,75.60284699999977,5.409842806920029,0.029680371611000025,62.07015410524097,3.2803385276030195,4.912811996156041,87.65159700000024,23.841790270730026,0.30421436524399936,3.2803385276030195,43.72890031370486,16.59637071171899,45.671902000000195,12.480622963198037,0.7939901127210006,4.912811996156041,16.59637071171899,10.988116839159943
1.0,0.003949,0.0,0.988976,0.000667,0.006408
199.1,36.86129999999996,26.088264000000006,65.35904600000003,39.21137999999997,31.480024000000054,36.86129999999996,11.682359115746035,0.3179580359030002,4.174316682374017,11.516900647256977,9.269774781369021,26.088264000000006,0.3179580359030002,25.273536639610022,0.017435326227000024,0.16105060897299983,0.41827639657900023,65.35904600000003,4.174316682374017,0.017435326227000024,54.85927455973396,2.1472103828000053,4.260799451760015,39.21137999999997,11.516900647256977,0.16105060897299983,2.1472103828000053,16.924905540666014,8.561324169716993,31.480024000000054,9.269774781369021,0.41827639657900023,4.260799451760015,8.561324169716993,9.06985917838599
59.0,7.873375,24.7896,8.239732,12.373762,5.723535
1381.1,205.90591200000082,533.9550430000011,206.64124700000264,278.8886160000046,155.60924800000024,205.90591200000082,62.216526695451556,8.729207573131074,13.571114939815825,78.09022225349,43.398881593946435,533.9550430000011,8.729207573131074,509.1443827471912,0.29813645982799947,4.417716578312004,11.46559965718715,206.64124700000264,13.571114939815825,0.29813645982799947,170.1821436846483,9.622402666347018,13.067400767521235,278.8886160000046,78.09022225349,4.417716578312004,9.622402666347018,135.303988367691,51.55432010079249,155.60924800000024,43.398881593946435,11.46559965718715,13.067400767521235,51.55432010079249,36.22308532448396
33.0,6.186125,11.017847,1.191911,7.018845,7.585266
1143.1,268.47404399999573,153.8908210000016,117.26488899999954,292.0641139999953,311.3061509999999,268.47404399999573,78.59595847598027,1.5870356912110133,17.971115230856753,81.08061801641254,89.33935008388508,153.8908210000016,1.5870356912110133,148.9491667857933,0.1179115961149989,1.1703736363950161,2.1662253482499723,117.26488899999954,17.971115230856753,0.1179115961149989,65.54105053514083,12.194498456688,21.540293277985437,292.0641139999953,81.08061801641254,1.1703736363950161,12.194498456688,108.0441636784782,89.67453847653849,311.3061509999999,89.33935008388508,2.1662253482499723,21.540293277985437,89.67453847653849,108.68577889625529
266.0,98.7444,0.050416,45.978438,67.103357,54.123437
3163.1,1133.1332620000242,17.664750999999185,578.927816999984,767.6729799999658,665.601732999965,1133.1332620000242,437.4605178157149,0.41131448874799703,148.35576766155538,303.4313768719222,243.5744789116656,17.664750999999185,0.41131448874799703,16.462591086860854,0.244239676054986,0.18462598473399147,0.4619797904219645,578.927816999984,148.35576766155538,0.244239676054986,250.88060995378885,76.99082414920987,102.55643344903528,767.6729799999658,303.4313768719222,0.18462598473399147,76.99082414920987,232.37870824137448,154.78758952310608,665.601732999965,243.5744789116656,0.4619797904219645,102.55643344903528,154.78758952310608,164.3213978900331
27.0,6.444374,0.016587,1.3893,14.280439,4.869308
1564.1,349.45708299999603,100.9086670000008,196.27261300000353,645.7623910000049,271.59935599999903,349.45708299999603,95.7408949176531,1.463161290592999,13.439160989300658,166.5015769037316,72.41233560708035,100.9086670000008,1.463161290592999,96.53836209591992,0.09222107534499907,0.9552667179549982,1.9596148465850012,196.27261300000353,13.439160989300658,0.09222107534499907,158.8039728004872,12.954775862425837,11.082428799457373,645.7623910000049,166.5015769037316,0.9552667179549982,12.954775862425837,341.74411543884503,123.70677159378785,271.59935599999903,72.41233560708035,1.9596148465850012,11.082428799457373,123.70677159378785,62.53824737488663
19.0,1.452643,10.719535,4.215461,0.935816,1.67654
1057.1,150.94860700000203,351.0503120000004,274.9937319999995,129.91618699999904,150.0912049999981,150.94860700000203,48.668204639501205,4.371751871384021,14.73712059624895,38.85742416475877,44.41413816885258,351.0503120000004,4.371751871384021,338.6326531372851,0.15841152873199926,2.216309129644974,5.7711013846539565,274.9937319999995,14.73712059624895,0.15841152873199926,232.25760457512527,8.266604637541093,19.67401420601233,129.91618699999904,38.85742416475877,2.216309129644974,8.266604637541093,46.60910719064847,34.066774566122824,150.0912049999981,44.41413816885258,5.7711013846539565,19.67401420601233,34.066774566122824,46.2652159498287
523.0,54.870334,313.385889,54.663199,54.793526,45.287014
